(kicad_pcb (version 20171130) (host pcbnew "(5.0.2)-1")

  (general
    (thickness 1.6)
    (drawings 4)
    (tracks 351)
    (zones 0)
    (modules 79)
    (nets 71)
  )

  (page A4)
  (layers
    (0 F.Cu signal)
    (31 B.Cu signal)
    (32 B.Adhes user)
    (33 F.Adhes user)
    (34 B.Paste user)
    (35 F.Paste user)
    (36 B.SilkS user)
    (37 F.SilkS user)
    (38 B.Mask user)
    (39 F.Mask user)
    (40 Dwgs.User user)
    (41 Cmts.User user)
    (42 Eco1.User user)
    (43 Eco2.User user)
    (44 Edge.Cuts user)
    (45 Margin user)
    (46 B.CrtYd user)
    (47 F.CrtYd user)
    (48 B.Fab user hide)
    (49 F.Fab user hide)
  )

  (setup
    (last_trace_width 0.25)
    (trace_clearance 0.5)
    (zone_clearance 0.4)
    (zone_45_only no)
    (trace_min 0.2)
    (segment_width 0.2)
    (edge_width 0.15)
    (via_size 0.8)
    (via_drill 0.4)
    (via_min_size 0.4)
    (via_min_drill 0.3)
    (uvia_size 0.3)
    (uvia_drill 0.1)
    (uvias_allowed no)
    (uvia_min_size 0.2)
    (uvia_min_drill 0.1)
    (pcb_text_width 0.3)
    (pcb_text_size 1.5 1.5)
    (mod_edge_width 0.15)
    (mod_text_size 1 1)
    (mod_text_width 0.15)
    (pad_size 1.524 1.524)
    (pad_drill 0.762)
    (pad_to_mask_clearance 0.051)
    (solder_mask_min_width 0.25)
    (aux_axis_origin 0 0)
    (grid_origin 86 112)
    (visible_elements 7FFFF7FF)
    (pcbplotparams
      (layerselection 0x010fc_ffffffff)
      (usegerberextensions false)
      (usegerberattributes false)
      (usegerberadvancedattributes false)
      (creategerberjobfile false)
      (excludeedgelayer true)
      (linewidth 0.200000)
      (plotframeref false)
      (viasonmask false)
      (mode 1)
      (useauxorigin false)
      (hpglpennumber 1)
      (hpglpenspeed 20)
      (hpglpendiameter 15.000000)
      (psnegative false)
      (psa4output false)
      (plotreference true)
      (plotvalue true)
      (plotinvisibletext false)
      (padsonsilk false)
      (subtractmaskfromsilk false)
      (outputformat 1)
      (mirror false)
      (drillshape 1)
      (scaleselection 1)
      (outputdirectory ""))
  )

  (net 0 "")
  (net 1 VDD)
  (net 2 VSS)
  (net 3 GND)
  (net 4 +48V)
  (net 5 "Net-(C6-Pad1)")
  (net 6 "Net-(C7-Pad1)")
  (net 7 "Net-(C8-Pad1)")
  (net 8 "Net-(C9-Pad1)")
  (net 9 "Net-(C14-Pad1)")
  (net 10 "Net-(C15-Pad1)")
  (net 11 "Net-(C16-Pad1)")
  (net 12 "Net-(C17-Pad1)")
  (net 13 /SW_0)
  (net 14 /SW_1)
  (net 15 /SW_2)
  (net 16 /SW_3)
  (net 17 /SW_4)
  (net 18 /SW_5)
  (net 19 /SW_6)
  (net 20 /SW_7)
  (net 21 /SCL)
  (net 22 /CDA)
  (net 23 /Ground-On)
  (net 24 /CLK)
  (net 25 /A0)
  (net 26 /A1)
  (net 27 /A2)
  (net 28 /A3)
  (net 29 /A4)
  (net 30 /A5)
  (net 31 /Led_0-)
  (net 32 /Set_0)
  (net 33 /Set_1)
  (net 34 /Led_1-)
  (net 35 /Set_2)
  (net 36 /Led_2-)
  (net 37 /Led_3-)
  (net 38 /Set_3)
  (net 39 /Led_4-)
  (net 40 /Set_4)
  (net 41 /Set_5)
  (net 42 /Led_5-)
  (net 43 /Set_6)
  (net 44 /Led_6-)
  (net 45 /Led_7-)
  (net 46 /Set_7)
  (net 47 /PWM_0)
  (net 48 /PWM_1)
  (net 49 /PWM_2)
  (net 50 /PWM_3)
  (net 51 /PWM_4)
  (net 52 /PWM_5)
  (net 53 /PWM_6)
  (net 54 /PWM_7)
  (net 55 "Net-(U1-Pad15)")
  (net 56 "Net-(U1-Pad16)")
  (net 57 "Net-(U1-Pad17)")
  (net 58 "Net-(U1-Pad18)")
  (net 59 "Net-(U1-Pad19)")
  (net 60 "Net-(U1-Pad20)")
  (net 61 "Net-(U1-Pad21)")
  (net 62 "Net-(U1-Pad22)")
  (net 63 "Net-(U2-Pad4)")
  (net 64 "Net-(U3-Pad4)")
  (net 65 "Net-(U4-Pad4)")
  (net 66 "Net-(U5-Pad4)")
  (net 67 "Net-(U6-Pad4)")
  (net 68 "Net-(U7-Pad4)")
  (net 69 "Net-(U8-Pad4)")
  (net 70 "Net-(U9-Pad4)")

  (net_class Default "Это класс цепей по умолчанию."
    (clearance 0.5)
    (trace_width 0.25)
    (via_dia 0.8)
    (via_drill 0.4)
    (uvia_dia 0.3)
    (uvia_drill 0.1)
    (add_net /A0)
    (add_net /A1)
    (add_net /A2)
    (add_net /A3)
    (add_net /A4)
    (add_net /A5)
    (add_net /CDA)
    (add_net /CLK)
    (add_net /Ground-On)
    (add_net /Led_0-)
    (add_net /Led_1-)
    (add_net /Led_2-)
    (add_net /Led_3-)
    (add_net /Led_4-)
    (add_net /Led_5-)
    (add_net /Led_6-)
    (add_net /Led_7-)
    (add_net /PWM_0)
    (add_net /PWM_1)
    (add_net /PWM_2)
    (add_net /PWM_3)
    (add_net /PWM_4)
    (add_net /PWM_5)
    (add_net /PWM_6)
    (add_net /PWM_7)
    (add_net /SCL)
    (add_net /Set_0)
    (add_net /Set_1)
    (add_net /Set_2)
    (add_net /Set_3)
    (add_net /Set_4)
    (add_net /Set_5)
    (add_net /Set_6)
    (add_net /Set_7)
    (add_net GND)
    (add_net "Net-(C14-Pad1)")
    (add_net "Net-(C15-Pad1)")
    (add_net "Net-(C16-Pad1)")
    (add_net "Net-(C17-Pad1)")
    (add_net "Net-(C6-Pad1)")
    (add_net "Net-(C7-Pad1)")
    (add_net "Net-(C8-Pad1)")
    (add_net "Net-(C9-Pad1)")
    (add_net "Net-(U1-Pad15)")
    (add_net "Net-(U1-Pad16)")
    (add_net "Net-(U1-Pad17)")
    (add_net "Net-(U1-Pad18)")
    (add_net "Net-(U1-Pad19)")
    (add_net "Net-(U1-Pad20)")
    (add_net "Net-(U1-Pad21)")
    (add_net "Net-(U1-Pad22)")
    (add_net "Net-(U2-Pad4)")
    (add_net "Net-(U3-Pad4)")
    (add_net "Net-(U4-Pad4)")
    (add_net "Net-(U5-Pad4)")
    (add_net "Net-(U6-Pad4)")
    (add_net "Net-(U7-Pad4)")
    (add_net "Net-(U8-Pad4)")
    (add_net "Net-(U9-Pad4)")
    (add_net VDD)
    (add_net VSS)
  )

  (net_class POWER ""
    (clearance 0.5)
    (trace_width 1.425)
    (via_dia 1.7)
    (via_drill 0.7)
    (uvia_dia 0.3)
    (uvia_drill 0.1)
    (add_net +48V)
    (add_net /SW_0)
    (add_net /SW_1)
    (add_net /SW_2)
    (add_net /SW_3)
    (add_net /SW_4)
    (add_net /SW_5)
    (add_net /SW_6)
    (add_net /SW_7)
  )

  (module my_lib:Package_2-smd_10.7x10mm (layer F.Cu) (tedit 5C99CF9D) (tstamp 5C9A5E44)
    (at 116 20)
    (path /5C995C5E)
    (fp_text reference L1 (at 0 -4.445) (layer F.SilkS)
      (effects (font (size 1 1) (thickness 0.15)))
    )
    (fp_text value 82uH (at 0 6.5) (layer F.Fab)
      (effects (font (size 1 1) (thickness 0.15)))
    )
    (fp_circle (center 4 4) (end 4 3.5) (layer F.SilkS) (width 0.15))
    (fp_line (start 6 5.5) (end 5 5.5) (layer F.SilkS) (width 0.15))
    (fp_line (start 6 4.5) (end 6 5.5) (layer F.SilkS) (width 0.15))
    (fp_line (start -5.5 5.5) (end -4.5 5.5) (layer F.SilkS) (width 0.15))
    (fp_line (start -5.5 4.5) (end -5.5 5.5) (layer F.SilkS) (width 0.15))
    (fp_line (start 6 -5.5) (end 6 -4.5) (layer F.SilkS) (width 0.15))
    (fp_line (start 5 -5.5) (end 6 -5.5) (layer F.SilkS) (width 0.15))
    (fp_line (start -5.5 -5.5) (end -5.5 -4.5) (layer F.SilkS) (width 0.15))
    (fp_line (start -4.5 -5.5) (end -5.5 -5.5) (layer F.SilkS) (width 0.15))
    (fp_line (start -5.65 -5.4) (end 6.05 -5.4) (layer F.CrtYd) (width 0.15))
    (fp_line (start -5.65 -5.4) (end -5.65 5.6) (layer F.CrtYd) (width 0.15))
    (fp_line (start 6.05 -5.4) (end 6.05 5.6) (layer F.CrtYd) (width 0.15))
    (fp_line (start -5.65 5.6) (end 6.05 5.6) (layer F.CrtYd) (width 0.15))
    (pad 2 smd rect (at 5.45 0) (size 4.8 4.8) (layers F.Cu F.Paste F.Mask)
      (net 31 /Led_0-))
    (pad 1 smd rect (at -5.45 0) (size 4.8 4.8) (layers F.Cu F.Paste F.Mask)
      (net 13 /SW_0))
    (model D:/GIT/my_rep/Ki_Lib/my_3d_lib/Package_2-smd_10.7x10mm.stp
      (offset (xyz -5.25 -5 0))
      (scale (xyz 1 1 1))
      (rotate (xyz 0 0 0))
    )
  )

  (module my_lib:Package_2-smd_10.7x10mm (layer F.Cu) (tedit 5C99CF9D) (tstamp 5C9A600E)
    (at 116 32.5)
    (path /5CA5FF50)
    (fp_text reference L2 (at 0 -4.445) (layer F.SilkS)
      (effects (font (size 1 1) (thickness 0.15)))
    )
    (fp_text value 82uH (at 0 6.5) (layer F.Fab)
      (effects (font (size 1 1) (thickness 0.15)))
    )
    (fp_circle (center 4 4) (end 4 3.5) (layer F.SilkS) (width 0.15))
    (fp_line (start 6 5.5) (end 5 5.5) (layer F.SilkS) (width 0.15))
    (fp_line (start 6 4.5) (end 6 5.5) (layer F.SilkS) (width 0.15))
    (fp_line (start -5.5 5.5) (end -4.5 5.5) (layer F.SilkS) (width 0.15))
    (fp_line (start -5.5 4.5) (end -5.5 5.5) (layer F.SilkS) (width 0.15))
    (fp_line (start 6 -5.5) (end 6 -4.5) (layer F.SilkS) (width 0.15))
    (fp_line (start 5 -5.5) (end 6 -5.5) (layer F.SilkS) (width 0.15))
    (fp_line (start -5.5 -5.5) (end -5.5 -4.5) (layer F.SilkS) (width 0.15))
    (fp_line (start -4.5 -5.5) (end -5.5 -5.5) (layer F.SilkS) (width 0.15))
    (fp_line (start -5.65 -5.4) (end 6.05 -5.4) (layer F.CrtYd) (width 0.15))
    (fp_line (start -5.65 -5.4) (end -5.65 5.6) (layer F.CrtYd) (width 0.15))
    (fp_line (start 6.05 -5.4) (end 6.05 5.6) (layer F.CrtYd) (width 0.15))
    (fp_line (start -5.65 5.6) (end 6.05 5.6) (layer F.CrtYd) (width 0.15))
    (pad 2 smd rect (at 5.45 0) (size 4.8 4.8) (layers F.Cu F.Paste F.Mask)
      (net 34 /Led_1-))
    (pad 1 smd rect (at -5.45 0) (size 4.8 4.8) (layers F.Cu F.Paste F.Mask)
      (net 14 /SW_1))
    (model D:/GIT/my_rep/Ki_Lib/my_3d_lib/Package_2-smd_10.7x10mm.stp
      (offset (xyz -5.25 -5 0))
      (scale (xyz 1 1 1))
      (rotate (xyz 0 0 0))
    )
  )

  (module my_lib:Package_2-smd_10.7x10mm (layer F.Cu) (tedit 5C99CF9D) (tstamp 5C9A5A10)
    (at 116 45)
    (path /5CA6ACC6)
    (fp_text reference L3 (at 0 -6.8) (layer F.SilkS)
      (effects (font (size 1 1) (thickness 0.15)))
    )
    (fp_text value 82uH (at 0 6.5) (layer F.Fab)
      (effects (font (size 1 1) (thickness 0.15)))
    )
    (fp_circle (center 4 4) (end 4 3.5) (layer F.SilkS) (width 0.15))
    (fp_line (start 6 5.5) (end 5 5.5) (layer F.SilkS) (width 0.15))
    (fp_line (start 6 4.5) (end 6 5.5) (layer F.SilkS) (width 0.15))
    (fp_line (start -5.5 5.5) (end -4.5 5.5) (layer F.SilkS) (width 0.15))
    (fp_line (start -5.5 4.5) (end -5.5 5.5) (layer F.SilkS) (width 0.15))
    (fp_line (start 6 -5.5) (end 6 -4.5) (layer F.SilkS) (width 0.15))
    (fp_line (start 5 -5.5) (end 6 -5.5) (layer F.SilkS) (width 0.15))
    (fp_line (start -5.5 -5.5) (end -5.5 -4.5) (layer F.SilkS) (width 0.15))
    (fp_line (start -4.5 -5.5) (end -5.5 -5.5) (layer F.SilkS) (width 0.15))
    (fp_line (start -5.65 -5.4) (end 6.05 -5.4) (layer F.CrtYd) (width 0.15))
    (fp_line (start -5.65 -5.4) (end -5.65 5.6) (layer F.CrtYd) (width 0.15))
    (fp_line (start 6.05 -5.4) (end 6.05 5.6) (layer F.CrtYd) (width 0.15))
    (fp_line (start -5.65 5.6) (end 6.05 5.6) (layer F.CrtYd) (width 0.15))
    (pad 2 smd rect (at 5.45 0) (size 4.8 4.8) (layers F.Cu F.Paste F.Mask)
      (net 36 /Led_2-))
    (pad 1 smd rect (at -5.45 0) (size 4.8 4.8) (layers F.Cu F.Paste F.Mask)
      (net 15 /SW_2))
    (model D:/GIT/my_rep/Ki_Lib/my_3d_lib/Package_2-smd_10.7x10mm.stp
      (offset (xyz -5.25 -5 0))
      (scale (xyz 1 1 1))
      (rotate (xyz 0 0 0))
    )
  )

  (module my_lib:Package_2-smd_10.7x10mm (layer F.Cu) (tedit 5C99CF9D) (tstamp 5C9A5AB5)
    (at 116 57.5)
    (path /5CA76CF5)
    (fp_text reference L4 (at 0 -6.8) (layer F.SilkS)
      (effects (font (size 1 1) (thickness 0.15)))
    )
    (fp_text value 82uH (at 0 6.5) (layer F.Fab)
      (effects (font (size 1 1) (thickness 0.15)))
    )
    (fp_circle (center 4 4) (end 4 3.5) (layer F.SilkS) (width 0.15))
    (fp_line (start 6 5.5) (end 5 5.5) (layer F.SilkS) (width 0.15))
    (fp_line (start 6 4.5) (end 6 5.5) (layer F.SilkS) (width 0.15))
    (fp_line (start -5.5 5.5) (end -4.5 5.5) (layer F.SilkS) (width 0.15))
    (fp_line (start -5.5 4.5) (end -5.5 5.5) (layer F.SilkS) (width 0.15))
    (fp_line (start 6 -5.5) (end 6 -4.5) (layer F.SilkS) (width 0.15))
    (fp_line (start 5 -5.5) (end 6 -5.5) (layer F.SilkS) (width 0.15))
    (fp_line (start -5.5 -5.5) (end -5.5 -4.5) (layer F.SilkS) (width 0.15))
    (fp_line (start -4.5 -5.5) (end -5.5 -5.5) (layer F.SilkS) (width 0.15))
    (fp_line (start -5.65 -5.4) (end 6.05 -5.4) (layer F.CrtYd) (width 0.15))
    (fp_line (start -5.65 -5.4) (end -5.65 5.6) (layer F.CrtYd) (width 0.15))
    (fp_line (start 6.05 -5.4) (end 6.05 5.6) (layer F.CrtYd) (width 0.15))
    (fp_line (start -5.65 5.6) (end 6.05 5.6) (layer F.CrtYd) (width 0.15))
    (pad 2 smd rect (at 5.45 0) (size 4.8 4.8) (layers F.Cu F.Paste F.Mask)
      (net 37 /Led_3-))
    (pad 1 smd rect (at -5.45 0) (size 4.8 4.8) (layers F.Cu F.Paste F.Mask)
      (net 16 /SW_3))
    (model D:/GIT/my_rep/Ki_Lib/my_3d_lib/Package_2-smd_10.7x10mm.stp
      (offset (xyz -5.25 -5 0))
      (scale (xyz 1 1 1))
      (rotate (xyz 0 0 0))
    )
  )

  (module my_lib:Package_2-smd_10.7x10mm (layer F.Cu) (tedit 5C99CF9D) (tstamp 5C9A5B5A)
    (at 116 70)
    (path /5CA85083)
    (fp_text reference L5 (at 0 -6.8) (layer F.SilkS)
      (effects (font (size 1 1) (thickness 0.15)))
    )
    (fp_text value 82uH (at 0 6.5) (layer F.Fab)
      (effects (font (size 1 1) (thickness 0.15)))
    )
    (fp_circle (center 4 4) (end 4 3.5) (layer F.SilkS) (width 0.15))
    (fp_line (start 6 5.5) (end 5 5.5) (layer F.SilkS) (width 0.15))
    (fp_line (start 6 4.5) (end 6 5.5) (layer F.SilkS) (width 0.15))
    (fp_line (start -5.5 5.5) (end -4.5 5.5) (layer F.SilkS) (width 0.15))
    (fp_line (start -5.5 4.5) (end -5.5 5.5) (layer F.SilkS) (width 0.15))
    (fp_line (start 6 -5.5) (end 6 -4.5) (layer F.SilkS) (width 0.15))
    (fp_line (start 5 -5.5) (end 6 -5.5) (layer F.SilkS) (width 0.15))
    (fp_line (start -5.5 -5.5) (end -5.5 -4.5) (layer F.SilkS) (width 0.15))
    (fp_line (start -4.5 -5.5) (end -5.5 -5.5) (layer F.SilkS) (width 0.15))
    (fp_line (start -5.65 -5.4) (end 6.05 -5.4) (layer F.CrtYd) (width 0.15))
    (fp_line (start -5.65 -5.4) (end -5.65 5.6) (layer F.CrtYd) (width 0.15))
    (fp_line (start 6.05 -5.4) (end 6.05 5.6) (layer F.CrtYd) (width 0.15))
    (fp_line (start -5.65 5.6) (end 6.05 5.6) (layer F.CrtYd) (width 0.15))
    (pad 2 smd rect (at 5.45 0) (size 4.8 4.8) (layers F.Cu F.Paste F.Mask)
      (net 39 /Led_4-))
    (pad 1 smd rect (at -5.45 0) (size 4.8 4.8) (layers F.Cu F.Paste F.Mask)
      (net 17 /SW_4))
    (model D:/GIT/my_rep/Ki_Lib/my_3d_lib/Package_2-smd_10.7x10mm.stp
      (offset (xyz -5.25 -5 0))
      (scale (xyz 1 1 1))
      (rotate (xyz 0 0 0))
    )
  )

  (module my_lib:Package_2-smd_10.7x10mm (layer F.Cu) (tedit 5C99CF9D) (tstamp 5C9A5C24)
    (at 116 82.5)
    (path /5CA93531)
    (fp_text reference L6 (at 0 -6.8) (layer F.SilkS)
      (effects (font (size 1 1) (thickness 0.15)))
    )
    (fp_text value 82uH (at 0 6.5) (layer F.Fab)
      (effects (font (size 1 1) (thickness 0.15)))
    )
    (fp_circle (center 4 4) (end 4 3.5) (layer F.SilkS) (width 0.15))
    (fp_line (start 6 5.5) (end 5 5.5) (layer F.SilkS) (width 0.15))
    (fp_line (start 6 4.5) (end 6 5.5) (layer F.SilkS) (width 0.15))
    (fp_line (start -5.5 5.5) (end -4.5 5.5) (layer F.SilkS) (width 0.15))
    (fp_line (start -5.5 4.5) (end -5.5 5.5) (layer F.SilkS) (width 0.15))
    (fp_line (start 6 -5.5) (end 6 -4.5) (layer F.SilkS) (width 0.15))
    (fp_line (start 5 -5.5) (end 6 -5.5) (layer F.SilkS) (width 0.15))
    (fp_line (start -5.5 -5.5) (end -5.5 -4.5) (layer F.SilkS) (width 0.15))
    (fp_line (start -4.5 -5.5) (end -5.5 -5.5) (layer F.SilkS) (width 0.15))
    (fp_line (start -5.65 -5.4) (end 6.05 -5.4) (layer F.CrtYd) (width 0.15))
    (fp_line (start -5.65 -5.4) (end -5.65 5.6) (layer F.CrtYd) (width 0.15))
    (fp_line (start 6.05 -5.4) (end 6.05 5.6) (layer F.CrtYd) (width 0.15))
    (fp_line (start -5.65 5.6) (end 6.05 5.6) (layer F.CrtYd) (width 0.15))
    (pad 2 smd rect (at 5.45 0) (size 4.8 4.8) (layers F.Cu F.Paste F.Mask)
      (net 42 /Led_5-))
    (pad 1 smd rect (at -5.45 0) (size 4.8 4.8) (layers F.Cu F.Paste F.Mask)
      (net 18 /SW_5))
    (model D:/GIT/my_rep/Ki_Lib/my_3d_lib/Package_2-smd_10.7x10mm.stp
      (offset (xyz -5.25 -5 0))
      (scale (xyz 1 1 1))
      (rotate (xyz 0 0 0))
    )
  )

  (module my_lib:Package_2-smd_10.7x10mm (layer F.Cu) (tedit 5C99CF9D) (tstamp 5C9A5D25)
    (at 116 95)
    (path /5CAA2AF9)
    (fp_text reference L7 (at 0 -6.8) (layer F.SilkS)
      (effects (font (size 1 1) (thickness 0.15)))
    )
    (fp_text value 82uH (at 0 6.5) (layer F.Fab)
      (effects (font (size 1 1) (thickness 0.15)))
    )
    (fp_circle (center 4 4) (end 4 3.5) (layer F.SilkS) (width 0.15))
    (fp_line (start 6 5.5) (end 5 5.5) (layer F.SilkS) (width 0.15))
    (fp_line (start 6 4.5) (end 6 5.5) (layer F.SilkS) (width 0.15))
    (fp_line (start -5.5 5.5) (end -4.5 5.5) (layer F.SilkS) (width 0.15))
    (fp_line (start -5.5 4.5) (end -5.5 5.5) (layer F.SilkS) (width 0.15))
    (fp_line (start 6 -5.5) (end 6 -4.5) (layer F.SilkS) (width 0.15))
    (fp_line (start 5 -5.5) (end 6 -5.5) (layer F.SilkS) (width 0.15))
    (fp_line (start -5.5 -5.5) (end -5.5 -4.5) (layer F.SilkS) (width 0.15))
    (fp_line (start -4.5 -5.5) (end -5.5 -5.5) (layer F.SilkS) (width 0.15))
    (fp_line (start -5.65 -5.4) (end 6.05 -5.4) (layer F.CrtYd) (width 0.15))
    (fp_line (start -5.65 -5.4) (end -5.65 5.6) (layer F.CrtYd) (width 0.15))
    (fp_line (start 6.05 -5.4) (end 6.05 5.6) (layer F.CrtYd) (width 0.15))
    (fp_line (start -5.65 5.6) (end 6.05 5.6) (layer F.CrtYd) (width 0.15))
    (pad 2 smd rect (at 5.45 0) (size 4.8 4.8) (layers F.Cu F.Paste F.Mask)
      (net 44 /Led_6-))
    (pad 1 smd rect (at -5.45 0) (size 4.8 4.8) (layers F.Cu F.Paste F.Mask)
      (net 19 /SW_6))
    (model D:/GIT/my_rep/Ki_Lib/my_3d_lib/Package_2-smd_10.7x10mm.stp
      (offset (xyz -5.25 -5 0))
      (scale (xyz 1 1 1))
      (rotate (xyz 0 0 0))
    )
  )

  (module my_lib:Package_2-smd_10.7x10mm (layer F.Cu) (tedit 5C99CF9D) (tstamp 5CA82BEF)
    (at 116 107.5)
    (path /5CAB3693)
    (fp_text reference L8 (at 0 -6.8) (layer F.SilkS)
      (effects (font (size 1 1) (thickness 0.15)))
    )
    (fp_text value 82uH (at 0 6.5) (layer F.Fab)
      (effects (font (size 1 1) (thickness 0.15)))
    )
    (fp_circle (center 4 4) (end 4 3.5) (layer F.SilkS) (width 0.15))
    (fp_line (start 6 5.5) (end 5 5.5) (layer F.SilkS) (width 0.15))
    (fp_line (start 6 4.5) (end 6 5.5) (layer F.SilkS) (width 0.15))
    (fp_line (start -5.5 5.5) (end -4.5 5.5) (layer F.SilkS) (width 0.15))
    (fp_line (start -5.5 4.5) (end -5.5 5.5) (layer F.SilkS) (width 0.15))
    (fp_line (start 6 -5.5) (end 6 -4.5) (layer F.SilkS) (width 0.15))
    (fp_line (start 5 -5.5) (end 6 -5.5) (layer F.SilkS) (width 0.15))
    (fp_line (start -5.5 -5.5) (end -5.5 -4.5) (layer F.SilkS) (width 0.15))
    (fp_line (start -4.5 -5.5) (end -5.5 -5.5) (layer F.SilkS) (width 0.15))
    (fp_line (start -5.65 -5.4) (end 6.05 -5.4) (layer F.CrtYd) (width 0.15))
    (fp_line (start -5.65 -5.4) (end -5.65 5.6) (layer F.CrtYd) (width 0.15))
    (fp_line (start 6.05 -5.4) (end 6.05 5.6) (layer F.CrtYd) (width 0.15))
    (fp_line (start -5.65 5.6) (end 6.05 5.6) (layer F.CrtYd) (width 0.15))
    (pad 2 smd rect (at 5.45 0) (size 4.8 4.8) (layers F.Cu F.Paste F.Mask)
      (net 45 /Led_7-))
    (pad 1 smd rect (at -5.45 0) (size 4.8 4.8) (layers F.Cu F.Paste F.Mask)
      (net 20 /SW_7))
    (model D:/GIT/my_rep/Ki_Lib/my_3d_lib/Package_2-smd_10.7x10mm.stp
      (offset (xyz -5.25 -5 0))
      (scale (xyz 1 1 1))
      (rotate (xyz 0 0 0))
    )
  )

  (module Capacitor_SMD:C_0805_2012Metric_Pad1.15x1.40mm_HandSolder (layer F.Cu) (tedit 5B36C52B) (tstamp 5CA772B6)
    (at 93.9375 57.644 90)
    (descr "Capacitor SMD 0805 (2012 Metric), square (rectangular) end terminal, IPC_7351 nominal with elongated pad for handsoldering. (Body size source: https://docs.google.com/spreadsheets/d/1BsfQQcO9C6DZCsRaXUlFlo91Tg2WpOkGARC1WS5S8t0/edit?usp=sharing), generated with kicad-footprint-generator")
    (tags "capacitor handsolder")
    (path /5CA341DE)
    (attr smd)
    (fp_text reference C1 (at 2.6035 0.0635 180) (layer F.SilkS)
      (effects (font (size 1 1) (thickness 0.15)))
    )
    (fp_text value 10u (at 0 1.65 90) (layer F.Fab)
      (effects (font (size 1 1) (thickness 0.15)))
    )
    (fp_line (start -1 0.6) (end -1 -0.6) (layer F.Fab) (width 0.1))
    (fp_line (start -1 -0.6) (end 1 -0.6) (layer F.Fab) (width 0.1))
    (fp_line (start 1 -0.6) (end 1 0.6) (layer F.Fab) (width 0.1))
    (fp_line (start 1 0.6) (end -1 0.6) (layer F.Fab) (width 0.1))
    (fp_line (start -0.261252 -0.71) (end 0.261252 -0.71) (layer F.SilkS) (width 0.12))
    (fp_line (start -0.261252 0.71) (end 0.261252 0.71) (layer F.SilkS) (width 0.12))
    (fp_line (start -1.85 0.95) (end -1.85 -0.95) (layer F.CrtYd) (width 0.05))
    (fp_line (start -1.85 -0.95) (end 1.85 -0.95) (layer F.CrtYd) (width 0.05))
    (fp_line (start 1.85 -0.95) (end 1.85 0.95) (layer F.CrtYd) (width 0.05))
    (fp_line (start 1.85 0.95) (end -1.85 0.95) (layer F.CrtYd) (width 0.05))
    (fp_text user %R (at 0 0 90) (layer F.Fab)
      (effects (font (size 0.5 0.5) (thickness 0.08)))
    )
    (pad 1 smd roundrect (at -1.025 0 90) (size 1.15 1.4) (layers F.Cu F.Paste F.Mask) (roundrect_rratio 0.217391)
      (net 1 VDD))
    (pad 2 smd roundrect (at 1.025 0 90) (size 1.15 1.4) (layers F.Cu F.Paste F.Mask) (roundrect_rratio 0.217391)
      (net 2 VSS))
    (model ${KISYS3DMOD}/Capacitor_SMD.3dshapes/C_0805_2012Metric.wrl
      (at (xyz 0 0 0))
      (scale (xyz 1 1 1))
      (rotate (xyz 0 0 0))
    )
  )

  (module Capacitor_SMD:C_1206_3216Metric_Pad1.42x1.75mm_HandSolder (layer B.Cu) (tedit 5B301BBE) (tstamp 5C9A4B50)
    (at 103 20 180)
    (descr "Capacitor SMD 1206 (3216 Metric), square (rectangular) end terminal, IPC_7351 nominal with elongated pad for handsoldering. (Body size source: http://www.tortai-tech.com/upload/download/2011102023233369053.pdf), generated with kicad-footprint-generator")
    (tags "capacitor handsolder")
    (path /5CB196DF)
    (attr smd)
    (fp_text reference C2 (at 0 1.82 180) (layer B.SilkS)
      (effects (font (size 1 1) (thickness 0.15)) (justify mirror))
    )
    (fp_text value 10u (at 0 -1.82 180) (layer B.Fab)
      (effects (font (size 1 1) (thickness 0.15)) (justify mirror))
    )
    (fp_text user %R (at 0 0 180) (layer B.Fab)
      (effects (font (size 0.8 0.8) (thickness 0.12)) (justify mirror))
    )
    (fp_line (start 2.45 -1.12) (end -2.45 -1.12) (layer B.CrtYd) (width 0.05))
    (fp_line (start 2.45 1.12) (end 2.45 -1.12) (layer B.CrtYd) (width 0.05))
    (fp_line (start -2.45 1.12) (end 2.45 1.12) (layer B.CrtYd) (width 0.05))
    (fp_line (start -2.45 -1.12) (end -2.45 1.12) (layer B.CrtYd) (width 0.05))
    (fp_line (start -0.602064 -0.91) (end 0.602064 -0.91) (layer B.SilkS) (width 0.12))
    (fp_line (start -0.602064 0.91) (end 0.602064 0.91) (layer B.SilkS) (width 0.12))
    (fp_line (start 1.6 -0.8) (end -1.6 -0.8) (layer B.Fab) (width 0.1))
    (fp_line (start 1.6 0.8) (end 1.6 -0.8) (layer B.Fab) (width 0.1))
    (fp_line (start -1.6 0.8) (end 1.6 0.8) (layer B.Fab) (width 0.1))
    (fp_line (start -1.6 -0.8) (end -1.6 0.8) (layer B.Fab) (width 0.1))
    (pad 2 smd roundrect (at 1.4875 0 180) (size 1.425 1.75) (layers B.Cu B.Paste B.Mask) (roundrect_rratio 0.175439)
      (net 3 GND))
    (pad 1 smd roundrect (at -1.4875 0 180) (size 1.425 1.75) (layers B.Cu B.Paste B.Mask) (roundrect_rratio 0.175439)
      (net 4 +48V))
    (model ${KISYS3DMOD}/Capacitor_SMD.3dshapes/C_1206_3216Metric.wrl
      (at (xyz 0 0 0))
      (scale (xyz 1 1 1))
      (rotate (xyz 0 0 0))
    )
  )

  (module Capacitor_SMD:C_1206_3216Metric_Pad1.42x1.75mm_HandSolder (layer B.Cu) (tedit 5B301BBE) (tstamp 5C99E88E)
    (at 103 32.5 180)
    (descr "Capacitor SMD 1206 (3216 Metric), square (rectangular) end terminal, IPC_7351 nominal with elongated pad for handsoldering. (Body size source: http://www.tortai-tech.com/upload/download/2011102023233369053.pdf), generated with kicad-footprint-generator")
    (tags "capacitor handsolder")
    (path /5CB2BD41)
    (attr smd)
    (fp_text reference C3 (at 0 1.82 180) (layer B.SilkS)
      (effects (font (size 1 1) (thickness 0.15)) (justify mirror))
    )
    (fp_text value 10u (at 0 -1.82 180) (layer B.Fab)
      (effects (font (size 1 1) (thickness 0.15)) (justify mirror))
    )
    (fp_line (start -1.6 -0.8) (end -1.6 0.8) (layer B.Fab) (width 0.1))
    (fp_line (start -1.6 0.8) (end 1.6 0.8) (layer B.Fab) (width 0.1))
    (fp_line (start 1.6 0.8) (end 1.6 -0.8) (layer B.Fab) (width 0.1))
    (fp_line (start 1.6 -0.8) (end -1.6 -0.8) (layer B.Fab) (width 0.1))
    (fp_line (start -0.602064 0.91) (end 0.602064 0.91) (layer B.SilkS) (width 0.12))
    (fp_line (start -0.602064 -0.91) (end 0.602064 -0.91) (layer B.SilkS) (width 0.12))
    (fp_line (start -2.45 -1.12) (end -2.45 1.12) (layer B.CrtYd) (width 0.05))
    (fp_line (start -2.45 1.12) (end 2.45 1.12) (layer B.CrtYd) (width 0.05))
    (fp_line (start 2.45 1.12) (end 2.45 -1.12) (layer B.CrtYd) (width 0.05))
    (fp_line (start 2.45 -1.12) (end -2.45 -1.12) (layer B.CrtYd) (width 0.05))
    (fp_text user %R (at 0 0 180) (layer B.Fab)
      (effects (font (size 0.8 0.8) (thickness 0.12)) (justify mirror))
    )
    (pad 1 smd roundrect (at -1.4875 0 180) (size 1.425 1.75) (layers B.Cu B.Paste B.Mask) (roundrect_rratio 0.175439)
      (net 4 +48V))
    (pad 2 smd roundrect (at 1.4875 0 180) (size 1.425 1.75) (layers B.Cu B.Paste B.Mask) (roundrect_rratio 0.175439)
      (net 3 GND))
    (model ${KISYS3DMOD}/Capacitor_SMD.3dshapes/C_1206_3216Metric.wrl
      (at (xyz 0 0 0))
      (scale (xyz 1 1 1))
      (rotate (xyz 0 0 0))
    )
  )

  (module Capacitor_SMD:C_1206_3216Metric_Pad1.42x1.75mm_HandSolder (layer B.Cu) (tedit 5B301BBE) (tstamp 5CA834BE)
    (at 103 45 180)
    (descr "Capacitor SMD 1206 (3216 Metric), square (rectangular) end terminal, IPC_7351 nominal with elongated pad for handsoldering. (Body size source: http://www.tortai-tech.com/upload/download/2011102023233369053.pdf), generated with kicad-footprint-generator")
    (tags "capacitor handsolder")
    (path /5CB3D890)
    (attr smd)
    (fp_text reference C4 (at 0 1.82 180) (layer B.SilkS)
      (effects (font (size 1 1) (thickness 0.15)) (justify mirror))
    )
    (fp_text value 10u (at 0 -1.82 180) (layer B.Fab)
      (effects (font (size 1 1) (thickness 0.15)) (justify mirror))
    )
    (fp_text user %R (at 0 0 180) (layer B.Fab)
      (effects (font (size 0.8 0.8) (thickness 0.12)) (justify mirror))
    )
    (fp_line (start 2.45 -1.12) (end -2.45 -1.12) (layer B.CrtYd) (width 0.05))
    (fp_line (start 2.45 1.12) (end 2.45 -1.12) (layer B.CrtYd) (width 0.05))
    (fp_line (start -2.45 1.12) (end 2.45 1.12) (layer B.CrtYd) (width 0.05))
    (fp_line (start -2.45 -1.12) (end -2.45 1.12) (layer B.CrtYd) (width 0.05))
    (fp_line (start -0.602064 -0.91) (end 0.602064 -0.91) (layer B.SilkS) (width 0.12))
    (fp_line (start -0.602064 0.91) (end 0.602064 0.91) (layer B.SilkS) (width 0.12))
    (fp_line (start 1.6 -0.8) (end -1.6 -0.8) (layer B.Fab) (width 0.1))
    (fp_line (start 1.6 0.8) (end 1.6 -0.8) (layer B.Fab) (width 0.1))
    (fp_line (start -1.6 0.8) (end 1.6 0.8) (layer B.Fab) (width 0.1))
    (fp_line (start -1.6 -0.8) (end -1.6 0.8) (layer B.Fab) (width 0.1))
    (pad 2 smd roundrect (at 1.4875 0 180) (size 1.425 1.75) (layers B.Cu B.Paste B.Mask) (roundrect_rratio 0.175439)
      (net 3 GND))
    (pad 1 smd roundrect (at -1.4875 0 180) (size 1.425 1.75) (layers B.Cu B.Paste B.Mask) (roundrect_rratio 0.175439)
      (net 4 +48V))
    (model ${KISYS3DMOD}/Capacitor_SMD.3dshapes/C_1206_3216Metric.wrl
      (at (xyz 0 0 0))
      (scale (xyz 1 1 1))
      (rotate (xyz 0 0 0))
    )
  )

  (module Capacitor_SMD:C_1206_3216Metric_Pad1.42x1.75mm_HandSolder (layer B.Cu) (tedit 5B301BBE) (tstamp 5CA8351E)
    (at 103 57.5 180)
    (descr "Capacitor SMD 1206 (3216 Metric), square (rectangular) end terminal, IPC_7351 nominal with elongated pad for handsoldering. (Body size source: http://www.tortai-tech.com/upload/download/2011102023233369053.pdf), generated with kicad-footprint-generator")
    (tags "capacitor handsolder")
    (path /5CB4F8C7)
    (attr smd)
    (fp_text reference C5 (at 0 1.82 180) (layer B.SilkS)
      (effects (font (size 1 1) (thickness 0.15)) (justify mirror))
    )
    (fp_text value 10u (at 0 -1.82 180) (layer B.Fab)
      (effects (font (size 1 1) (thickness 0.15)) (justify mirror))
    )
    (fp_line (start -1.6 -0.8) (end -1.6 0.8) (layer B.Fab) (width 0.1))
    (fp_line (start -1.6 0.8) (end 1.6 0.8) (layer B.Fab) (width 0.1))
    (fp_line (start 1.6 0.8) (end 1.6 -0.8) (layer B.Fab) (width 0.1))
    (fp_line (start 1.6 -0.8) (end -1.6 -0.8) (layer B.Fab) (width 0.1))
    (fp_line (start -0.602064 0.91) (end 0.602064 0.91) (layer B.SilkS) (width 0.12))
    (fp_line (start -0.602064 -0.91) (end 0.602064 -0.91) (layer B.SilkS) (width 0.12))
    (fp_line (start -2.45 -1.12) (end -2.45 1.12) (layer B.CrtYd) (width 0.05))
    (fp_line (start -2.45 1.12) (end 2.45 1.12) (layer B.CrtYd) (width 0.05))
    (fp_line (start 2.45 1.12) (end 2.45 -1.12) (layer B.CrtYd) (width 0.05))
    (fp_line (start 2.45 -1.12) (end -2.45 -1.12) (layer B.CrtYd) (width 0.05))
    (fp_text user %R (at 0 0 180) (layer B.Fab)
      (effects (font (size 0.8 0.8) (thickness 0.12)) (justify mirror))
    )
    (pad 1 smd roundrect (at -1.4875 0 180) (size 1.425 1.75) (layers B.Cu B.Paste B.Mask) (roundrect_rratio 0.175439)
      (net 4 +48V))
    (pad 2 smd roundrect (at 1.4875 0 180) (size 1.425 1.75) (layers B.Cu B.Paste B.Mask) (roundrect_rratio 0.175439)
      (net 3 GND))
    (model ${KISYS3DMOD}/Capacitor_SMD.3dshapes/C_1206_3216Metric.wrl
      (at (xyz 0 0 0))
      (scale (xyz 1 1 1))
      (rotate (xyz 0 0 0))
    )
  )

  (module Capacitor_SMD:C_0603_1608Metric_Pad1.05x0.95mm_HandSolder (layer B.Cu) (tedit 5B301BBE) (tstamp 5CA8348E)
    (at 103 24.5 180)
    (descr "Capacitor SMD 0603 (1608 Metric), square (rectangular) end terminal, IPC_7351 nominal with elongated pad for handsoldering. (Body size source: http://www.tortai-tech.com/upload/download/2011102023233369053.pdf), generated with kicad-footprint-generator")
    (tags "capacitor handsolder")
    (path /5CA4D438)
    (attr smd)
    (fp_text reference C6 (at 2.685 0 180) (layer B.SilkS)
      (effects (font (size 1 1) (thickness 0.15)) (justify mirror))
    )
    (fp_text value 0.33u (at 0 -1.43 180) (layer B.Fab)
      (effects (font (size 1 1) (thickness 0.15)) (justify mirror))
    )
    (fp_text user %R (at 0 0 180) (layer B.Fab)
      (effects (font (size 0.4 0.4) (thickness 0.06)) (justify mirror))
    )
    (fp_line (start 1.65 -0.73) (end -1.65 -0.73) (layer B.CrtYd) (width 0.05))
    (fp_line (start 1.65 0.73) (end 1.65 -0.73) (layer B.CrtYd) (width 0.05))
    (fp_line (start -1.65 0.73) (end 1.65 0.73) (layer B.CrtYd) (width 0.05))
    (fp_line (start -1.65 -0.73) (end -1.65 0.73) (layer B.CrtYd) (width 0.05))
    (fp_line (start -0.171267 -0.51) (end 0.171267 -0.51) (layer B.SilkS) (width 0.12))
    (fp_line (start -0.171267 0.51) (end 0.171267 0.51) (layer B.SilkS) (width 0.12))
    (fp_line (start 0.8 -0.4) (end -0.8 -0.4) (layer B.Fab) (width 0.1))
    (fp_line (start 0.8 0.4) (end 0.8 -0.4) (layer B.Fab) (width 0.1))
    (fp_line (start -0.8 0.4) (end 0.8 0.4) (layer B.Fab) (width 0.1))
    (fp_line (start -0.8 -0.4) (end -0.8 0.4) (layer B.Fab) (width 0.1))
    (pad 2 smd roundrect (at 0.875 0 180) (size 1.05 0.95) (layers B.Cu B.Paste B.Mask) (roundrect_rratio 0.25)
      (net 3 GND))
    (pad 1 smd roundrect (at -0.875 0 180) (size 1.05 0.95) (layers B.Cu B.Paste B.Mask) (roundrect_rratio 0.25)
      (net 5 "Net-(C6-Pad1)"))
    (model ${KISYS3DMOD}/Capacitor_SMD.3dshapes/C_0603_1608Metric.wrl
      (at (xyz 0 0 0))
      (scale (xyz 1 1 1))
      (rotate (xyz 0 0 0))
    )
  )

  (module Capacitor_SMD:C_0603_1608Metric_Pad1.05x0.95mm_HandSolder (layer B.Cu) (tedit 5B301BBE) (tstamp 5CA8345E)
    (at 103 37 180)
    (descr "Capacitor SMD 0603 (1608 Metric), square (rectangular) end terminal, IPC_7351 nominal with elongated pad for handsoldering. (Body size source: http://www.tortai-tech.com/upload/download/2011102023233369053.pdf), generated with kicad-footprint-generator")
    (tags "capacitor handsolder")
    (path /5CA8C281)
    (attr smd)
    (fp_text reference C7 (at 2.54 0 180) (layer B.SilkS)
      (effects (font (size 1 1) (thickness 0.15)) (justify mirror))
    )
    (fp_text value 0.33u (at 0 -1.43 180) (layer B.Fab)
      (effects (font (size 1 1) (thickness 0.15)) (justify mirror))
    )
    (fp_line (start -0.8 -0.4) (end -0.8 0.4) (layer B.Fab) (width 0.1))
    (fp_line (start -0.8 0.4) (end 0.8 0.4) (layer B.Fab) (width 0.1))
    (fp_line (start 0.8 0.4) (end 0.8 -0.4) (layer B.Fab) (width 0.1))
    (fp_line (start 0.8 -0.4) (end -0.8 -0.4) (layer B.Fab) (width 0.1))
    (fp_line (start -0.171267 0.51) (end 0.171267 0.51) (layer B.SilkS) (width 0.12))
    (fp_line (start -0.171267 -0.51) (end 0.171267 -0.51) (layer B.SilkS) (width 0.12))
    (fp_line (start -1.65 -0.73) (end -1.65 0.73) (layer B.CrtYd) (width 0.05))
    (fp_line (start -1.65 0.73) (end 1.65 0.73) (layer B.CrtYd) (width 0.05))
    (fp_line (start 1.65 0.73) (end 1.65 -0.73) (layer B.CrtYd) (width 0.05))
    (fp_line (start 1.65 -0.73) (end -1.65 -0.73) (layer B.CrtYd) (width 0.05))
    (fp_text user %R (at 0 0 180) (layer B.Fab)
      (effects (font (size 0.4 0.4) (thickness 0.06)) (justify mirror))
    )
    (pad 1 smd roundrect (at -0.875 0 180) (size 1.05 0.95) (layers B.Cu B.Paste B.Mask) (roundrect_rratio 0.25)
      (net 6 "Net-(C7-Pad1)"))
    (pad 2 smd roundrect (at 0.875 0 180) (size 1.05 0.95) (layers B.Cu B.Paste B.Mask) (roundrect_rratio 0.25)
      (net 3 GND))
    (model ${KISYS3DMOD}/Capacitor_SMD.3dshapes/C_0603_1608Metric.wrl
      (at (xyz 0 0 0))
      (scale (xyz 1 1 1))
      (rotate (xyz 0 0 0))
    )
  )

  (module Capacitor_SMD:C_0603_1608Metric_Pad1.05x0.95mm_HandSolder (layer B.Cu) (tedit 5B301BBE) (tstamp 5CA8342E)
    (at 103 49.5 180)
    (descr "Capacitor SMD 0603 (1608 Metric), square (rectangular) end terminal, IPC_7351 nominal with elongated pad for handsoldering. (Body size source: http://www.tortai-tech.com/upload/download/2011102023233369053.pdf), generated with kicad-footprint-generator")
    (tags "capacitor handsolder")
    (path /5CA99C25)
    (attr smd)
    (fp_text reference C8 (at 2.54 0 180) (layer B.SilkS)
      (effects (font (size 1 1) (thickness 0.15)) (justify mirror))
    )
    (fp_text value 0.33u (at 0 -1.43 180) (layer B.Fab)
      (effects (font (size 1 1) (thickness 0.15)) (justify mirror))
    )
    (fp_text user %R (at 0 0 180) (layer B.Fab)
      (effects (font (size 0.4 0.4) (thickness 0.06)) (justify mirror))
    )
    (fp_line (start 1.65 -0.73) (end -1.65 -0.73) (layer B.CrtYd) (width 0.05))
    (fp_line (start 1.65 0.73) (end 1.65 -0.73) (layer B.CrtYd) (width 0.05))
    (fp_line (start -1.65 0.73) (end 1.65 0.73) (layer B.CrtYd) (width 0.05))
    (fp_line (start -1.65 -0.73) (end -1.65 0.73) (layer B.CrtYd) (width 0.05))
    (fp_line (start -0.171267 -0.51) (end 0.171267 -0.51) (layer B.SilkS) (width 0.12))
    (fp_line (start -0.171267 0.51) (end 0.171267 0.51) (layer B.SilkS) (width 0.12))
    (fp_line (start 0.8 -0.4) (end -0.8 -0.4) (layer B.Fab) (width 0.1))
    (fp_line (start 0.8 0.4) (end 0.8 -0.4) (layer B.Fab) (width 0.1))
    (fp_line (start -0.8 0.4) (end 0.8 0.4) (layer B.Fab) (width 0.1))
    (fp_line (start -0.8 -0.4) (end -0.8 0.4) (layer B.Fab) (width 0.1))
    (pad 2 smd roundrect (at 0.875 0 180) (size 1.05 0.95) (layers B.Cu B.Paste B.Mask) (roundrect_rratio 0.25)
      (net 3 GND))
    (pad 1 smd roundrect (at -0.875 0 180) (size 1.05 0.95) (layers B.Cu B.Paste B.Mask) (roundrect_rratio 0.25)
      (net 7 "Net-(C8-Pad1)"))
    (model ${KISYS3DMOD}/Capacitor_SMD.3dshapes/C_0603_1608Metric.wrl
      (at (xyz 0 0 0))
      (scale (xyz 1 1 1))
      (rotate (xyz 0 0 0))
    )
  )

  (module Capacitor_SMD:C_0603_1608Metric_Pad1.05x0.95mm_HandSolder (layer B.Cu) (tedit 5B301BBE) (tstamp 5CA833FE)
    (at 103 62 180)
    (descr "Capacitor SMD 0603 (1608 Metric), square (rectangular) end terminal, IPC_7351 nominal with elongated pad for handsoldering. (Body size source: http://www.tortai-tech.com/upload/download/2011102023233369053.pdf), generated with kicad-footprint-generator")
    (tags "capacitor handsolder")
    (path /5CAA8063)
    (attr smd)
    (fp_text reference C9 (at 2.54 0 180) (layer B.SilkS)
      (effects (font (size 1 1) (thickness 0.15)) (justify mirror))
    )
    (fp_text value 0.33u (at 0 -1.43 180) (layer B.Fab)
      (effects (font (size 1 1) (thickness 0.15)) (justify mirror))
    )
    (fp_line (start -0.8 -0.4) (end -0.8 0.4) (layer B.Fab) (width 0.1))
    (fp_line (start -0.8 0.4) (end 0.8 0.4) (layer B.Fab) (width 0.1))
    (fp_line (start 0.8 0.4) (end 0.8 -0.4) (layer B.Fab) (width 0.1))
    (fp_line (start 0.8 -0.4) (end -0.8 -0.4) (layer B.Fab) (width 0.1))
    (fp_line (start -0.171267 0.51) (end 0.171267 0.51) (layer B.SilkS) (width 0.12))
    (fp_line (start -0.171267 -0.51) (end 0.171267 -0.51) (layer B.SilkS) (width 0.12))
    (fp_line (start -1.65 -0.73) (end -1.65 0.73) (layer B.CrtYd) (width 0.05))
    (fp_line (start -1.65 0.73) (end 1.65 0.73) (layer B.CrtYd) (width 0.05))
    (fp_line (start 1.65 0.73) (end 1.65 -0.73) (layer B.CrtYd) (width 0.05))
    (fp_line (start 1.65 -0.73) (end -1.65 -0.73) (layer B.CrtYd) (width 0.05))
    (fp_text user %R (at 0 0 180) (layer B.Fab)
      (effects (font (size 0.4 0.4) (thickness 0.06)) (justify mirror))
    )
    (pad 1 smd roundrect (at -0.875 0 180) (size 1.05 0.95) (layers B.Cu B.Paste B.Mask) (roundrect_rratio 0.25)
      (net 8 "Net-(C9-Pad1)"))
    (pad 2 smd roundrect (at 0.875 0 180) (size 1.05 0.95) (layers B.Cu B.Paste B.Mask) (roundrect_rratio 0.25)
      (net 3 GND))
    (model ${KISYS3DMOD}/Capacitor_SMD.3dshapes/C_0603_1608Metric.wrl
      (at (xyz 0 0 0))
      (scale (xyz 1 1 1))
      (rotate (xyz 0 0 0))
    )
  )

  (module Capacitor_SMD:C_1206_3216Metric_Pad1.42x1.75mm_HandSolder (layer B.Cu) (tedit 5B301BBE) (tstamp 5CA833CE)
    (at 103 70 180)
    (descr "Capacitor SMD 1206 (3216 Metric), square (rectangular) end terminal, IPC_7351 nominal with elongated pad for handsoldering. (Body size source: http://www.tortai-tech.com/upload/download/2011102023233369053.pdf), generated with kicad-footprint-generator")
    (tags "capacitor handsolder")
    (path /5CB61D70)
    (attr smd)
    (fp_text reference C10 (at 0 1.82 180) (layer B.SilkS)
      (effects (font (size 1 1) (thickness 0.15)) (justify mirror))
    )
    (fp_text value 10u (at 0 -1.82 180) (layer B.Fab)
      (effects (font (size 1 1) (thickness 0.15)) (justify mirror))
    )
    (fp_text user %R (at 0 0 180) (layer B.Fab)
      (effects (font (size 0.8 0.8) (thickness 0.12)) (justify mirror))
    )
    (fp_line (start 2.45 -1.12) (end -2.45 -1.12) (layer B.CrtYd) (width 0.05))
    (fp_line (start 2.45 1.12) (end 2.45 -1.12) (layer B.CrtYd) (width 0.05))
    (fp_line (start -2.45 1.12) (end 2.45 1.12) (layer B.CrtYd) (width 0.05))
    (fp_line (start -2.45 -1.12) (end -2.45 1.12) (layer B.CrtYd) (width 0.05))
    (fp_line (start -0.602064 -0.91) (end 0.602064 -0.91) (layer B.SilkS) (width 0.12))
    (fp_line (start -0.602064 0.91) (end 0.602064 0.91) (layer B.SilkS) (width 0.12))
    (fp_line (start 1.6 -0.8) (end -1.6 -0.8) (layer B.Fab) (width 0.1))
    (fp_line (start 1.6 0.8) (end 1.6 -0.8) (layer B.Fab) (width 0.1))
    (fp_line (start -1.6 0.8) (end 1.6 0.8) (layer B.Fab) (width 0.1))
